eye 0 0 70
look 0 0 0
up 0 1 0
d 10
bounds -5 -5 5 5
res 1024 1024
ambient 0.4 0.4 0.4
#Purple light
light 50 0 100 1 1.0 0.5 1.0
#Teal light
light -50 0 100 1 0.0 0.5 1.0
#Sphere 
sphere 0 -1.5 40 1.5 0.2 0.2 0.2 0.7 0.7 0.7 0.5 0.5 0.5 1.0 1.0 1.0
sphere 1.5 0 40 1.5 0.2 0.2 0.2 0.7 0.7 0.7 0.5 0.5 0.5 1.0 1.0 1.0
sphere 0 8 20 5 0.2 0.2 0.2 0.7 0.7 0.7 0.5 0.5 0.5 1.0 1.0 1.0
sphere 0 -8 20 5 0.2 0.2 0.2 0.7 0.7 0.7 0.5 0.5 0.5 1.0 1.0 1.0
sphere 0 1.5 40 1.5 0.2 0.2 0.2 0.7 0.7 0.7 0.5 0.5 0.5 1.0 1.0 1.0
sphere -1.5 0 40 1.5 0.2 0.2 0.2 0.7 0.7 0.7 0.5 0.5 0.5 1.0 1.0 1.0
sphere 8 0 20 5 0.2 0.2 0.2 0.7 0.7 0.7 0.5 0.5 0.5 1.0 1.0 1.0
sphere -8 0 20 5 0.2 0.2 0.2 0.7 0.7 0.7 0.5 0.5 0.5 1.0 1.0 1.0
#