eye 0 0 100.0
look 0 0 0
up 0 1 0
d 30.0
bounds -3 -3 3 3
res 1024 1024
recursionLevel 3
#Lighting
ambient 0.2 0.2 0.2
light -1 -1 0 0 0.9 0.9 0.9
light -50 -20 20 0 0.9 0.9 0.9
light 50 20 20 0 0.9 0.9 0.9
#torus.obj
model 1.0 1.0 0.0 120 8 0 0 0 smooth torus.obj

#pink

sphere 2.80 -13.50 2.86 2 0.4 0.4 0.4 1 0 1 1 0 1 1.0 1.0 1.0 .5 .5 .5  1.5
sphere -1.47 -11.70 3.72 2 0.4 0.4 0.4 1 0 1 1 0 1 1.0 1.0 1.0 .5 .5 .5  1.5
sphere -4.00 -9.90 0.18 2 0.4 0.4 0.4 1 0 1 1 0 1 1.0 1.0 1.0 .5 .5 .5  1.5
sphere -1.79 -8.10 -3.58 2 0.4 0.4 0.4 1 0 1 1 0 1 1.0 1.0 1.0 .5 .5 .5  1.5
sphere 2.53 -6.30 -3.10 2 0.4 0.4 0.4 1 0 1 1 0 1 1.0 1.0 1.0 .5 .5 .5  1.5
sphere 3.86 -4.50 1.05 2 0.4 0.4 0.4 1 0 1 1 0 1 1.0 1.0 1.0 .5 .5 .5  1.5
sphere 0.62 -2.70 3.95 2 0.4 0.4 0.4 1 0 1 1 0 1 1.0 1.0 1.0 .5 .5 .5  1.5
sphere -3.36 -0.90 2.18 2 0.4 0.4 0.4 1 0 1 1 0 1 1.0 1.0 1.0 .5 .5 .5  1.5
sphere -3.36 0.90 -2.18 2 0.4 0.4 0.4 1 0 1 1 0 1 1.0 1.0 1.0 .5 .5 .5  1.5
sphere 0.62 2.70 -3.95 2 0.4 0.4 0.4 1 0 1 1 0 1 1.0 1.0 1.0 .5 .5 .5  1.5
sphere 3.86 4.50 -1.05 2 0.4 0.4 0.4 1 0 1 1 0 1 1.0 1.0 1.0 .5 .5 .5  1.5
sphere 2.53 6.30 3.10 2 0.4 0.4 0.4 1 0 1 1 0 1 1.0 1.0 1.0 .5 .5 .5  1.5
sphere -1.79 8.10 3.58 2 0.4 0.4 0.4 1 0 1 1 0 1 1.0 1.0 1.0 .5 .5 .5  1.5
sphere -4.00 9.90 -0.18 2 0.4 0.4 0.4 1 0 1 1 0 1 1.0 1.0 1.0 .5 .5 .5  1.5
sphere -1.47 11.70 -3.72 2 0.4 0.4 0.4 1 0 1 1 0 1 1.0 1.0 1.0 .5 .5 .5  1.5

#teal

sphere -2.80 -13.50 -2.86 2 0.2 0.2 0.2 0.007 1 0.882 0.007 1 0.882 1.0 1.0 1.0 .6 .6 .6 1.5
sphere 1.47 -11.70 -3.72 2 0.2 0.2 0.2 0.007 1 0.882 0.007 1 0.882 1.0 1.0 1.0 .6 .6 .6 1.5
sphere 4.00 -9.90 -0.18 2 0.2 0.2 0.2 0.007 1 0.882 0.007 1 0.882 1.0 1.0 1.0 .6 .6 .6 1.5
sphere 1.79 -8.10 3.58 2 0.2 0.2 0.2 0.007 1 0.882 0.007 1 0.882 1.0 1.0 1.0 .6 .6 .6 1.5
sphere -2.53 -6.30 3.10 2 0.2 0.2 0.2 0.007 1 0.882 0.007 1 0.882 1.0 1.0 1.0 .6 .6 .6 1.5
sphere -3.86 -4.50 -1.05 2 0.2 0.2 0.2 0.007 1 0.882 0.007 1 0.882 1.0 1.0 1.0 .6 .6 .6 1.5
sphere -0.62 -2.70 -3.95 2 0.2 0.2 0.2 0.007 1 0.882 0.007 1 0.882 1.0 1.0 1.0 .6 .6 .6 1.5
sphere 3.36 -0.90 -2.18 2 0.2 0.2 0.2 0.007 1 0.882 0.007 1 0.882 1.0 1.0 1.0 .6 .6 .6 1.5
sphere 3.36 0.90 2.18 2 0.2 0.2 0.2 0.007 1 0.882 0.007 1 0.882 1.0 1.0 1.0 .6 .6 .6 1.5
sphere -0.62 2.70 3.95 2 0.2 0.2 0.2 0.007 1 0.882 0.007 1 0.882 1.0 1.0 1.0 .6 .6 .6 1.5
sphere -3.86 4.50 1.05 2 0.2 0.2 0.2 0.007 1 0.882 0.007 1 0.882 1.0 1.0 1.0 .6 .6 .6 1.5
sphere -2.53 6.30 -3.10 2 0.2 0.2 0.2 0.007 1 0.882 0.007 1 0.882 1.0 1.0 1.0 .6 .6 .6 1.5
sphere 1.79 8.10 -3.58 2 0.2 0.2 0.2 0.007 1 0.882 0.007 1 0.882 1.0 1.0 1.0 .6 .6 .6 1.5
sphere 4.00 9.90 0.18 2 0.2 0.2 0.2 0.007 1 0.882 0.007 1 0.882 1.0 1.0 1.0 .6 .6 .6 1.5
sphere 1.47 11.70 3.72 2 0.2 0.2 0.2 0.007 1 0.882 0.007 1 0.882 1.0 1.0 1.0 .6 .6 .6 1.5
