eye 0 0 100.0
look 0 0 0
up 0 1 0
d 30.0
bounds -4 -4 4 4
res 512 512
recursionLevel 3
#Lighting
ambient 0.2 0.2 0.2
light 50 0 10 0 0.9 1 0.9
light -50 0 10 0 0.9 0.9 1
#torus.obj
model 1.0 1.0 0.0 120 9 0 0 0 smooth torus.obj
sphere -7.80 -13.50 -7.86 2 0.1 0.1 0.1 0.36 0.956 0.258 0.36 0.956 0.258 1.0 1.0 1.0 .3 .3 .3 1.5
sphere -3.53 -11.70 -8.72 2 0.1 0.1 0.1 0.36 0.956 0.258 0.36 0.956 0.258 1.0 1.0 1.0 .3 .3 .3 1.5
sphere -1.00 -9.90 -5.18 2 0.1 0.1 0.1 0.36 0.956 0.258 0.36 0.956 0.258 1.0 1.0 1.0 .3 .3 .3 1.5
sphere -3.21 -8.10 -1.42 2 0.1 0.1 0.1 0.36 0.956 0.258 0.36 0.956 0.258 1.0 1.0 1.0 .3 .3 .3 1.5
sphere -7.53 -6.30 -1.90 2 0.1 0.1 0.1 0.36 0.956 0.258 0.36 0.956 0.258 1.0 1.0 1.0 .3 .3 .3 1.5
sphere -8.86 -4.50 -6.05 2 0.1 0.1 0.1 0.36 0.956 0.258 0.36 0.956 0.258 1.0 1.0 1.0 .3 .3 .3 1.5
sphere -5.62 -2.70 -8.95 2 0.1 0.1 0.1 0.36 0.956 0.258 0.36 0.956 0.258 1.0 1.0 1.0 .3 .3 .3 1.5
sphere -1.64 -0.90 -7.18 2 0.1 0.1 0.1 0.36 0.956 0.258 0.36 0.956 0.258 1.0 1.0 1.0 .3 .3 .3 1.5
sphere -1.64 0.90 -2.82 2 0.1 0.1 0.1 0.36 0.956 0.258 0.36 0.956 0.258 1.0 1.0 1.0 .3 .3 .3 1.5
sphere -5.62 2.70 -1.05 2 0.1 0.1 0.1 0.36 0.956 0.258 0.36 0.956 0.258 1.0 1.0 1.0 .3 .3 .3 1.5
sphere -8.86 4.50 -3.95 2 0.1 0.1 0.1 0.36 0.956 0.258 0.36 0.956 0.258 1.0 1.0 1.0 .3 .3 .3 1.5
sphere -7.53 6.30 -8.10 2 0.1 0.1 0.1 0.36 0.956 0.258 0.36 0.956 0.258 1.0 1.0 1.0 .3 .3 .3 1.5
sphere -3.21 8.10 -8.58 2 0.1 0.1 0.1 0.36 0.956 0.258 0.36 0.956 0.258 1.0 1.0 1.0 .3 .3 .3 1.5
sphere -1.00 9.90 -4.82 2 0.1 0.1 0.1 0.36 0.956 0.258 0.36 0.956 0.258 1.0 1.0 1.0 .3 .3 .3 1.5
sphere -3.53 11.70 -1.28 2 0.1 0.1 0.1 0.36 0.956 0.258 0.36 0.956 0.258 1.0 1.0 1.0 .3 .3 .3 1.5